l = 2e-3;
r = 10;
c = 10e-6;
vin = 32;